numpoints: 542059
bucketcount: 24
bucketsize: 3600
tsmin: 1329350400
tsmax: 1329436800
latmin: 40.62124942228224
latmax: 40.867054953252676
lngmin: -74.09883499145508
lngmax: -73.69783401489258
